2       1.1
2       1.2
2       1.3
3       1.4
3       1.5
3       1.6
3       1.7
8       1.1.1
8       1.1.2
8       1.1.3
8       1.1.4
8       1.1.5
8       1.1.6
8       1.1.7
9       1.8
9       1.9
9       1.10
10      1.11
10      1.12
15      1.2.1
15      1.2.2
16      1.2.3
16      1.2.4
16      1.13
16      1.14
16      1.15
16      1.16
16      1.17
19      1.3.1
19      1.3.2
19      1.3.3
19      1.3.4
19      1.3.5
20      1.18
20      1.19
20      1.20
20      1.21
20      1.22
24      1.4.1
24      1.4.2
24      1.4.3
24      1.4.4
26      1.23
26      1.24
26      1.25
26      1.26
27      1.27